1.993003465111901740e+00 1.857104472665073391e+00
1.871398906251880434e-01 -4.165537153305027829e-01
7.740543707087206293e-01 6.490046523608128393e-01
-2.456250448628011229e-01 2.198404599969405737e-01
-1.102962388563448748e+00 -6.182313540269235297e-02
3.716514837292320128e-01 -1.602529933965938458e+00
2.731210272973192410e-01 -7.505248827646833210e-01
1.708652949376142649e+00 6.258106329717868510e-01
2.157115304392725363e+00 4.564783057250505482e-01
6.574071431843034885e-01 9.639930862989737337e-02
1.791267240364300850e+00 -1.557969426022864923e-01
3.099840346387982004e-01 -1.350832493283078417e-01
-6.504427558064371784e-01 1.994598787007676899e+00
7.517820894964544198e-02 3.881275707463183178e-01
7.739096530896450998e-01 1.504959329202108398e+00
6.514660728536895151e-01 4.423485235975859742e-01
2.143061544546819519e+00 1.785987024618646890e+00
-2.127753083800335565e-01 1.452804399138401537e-01
-3.261577031944881133e-01 -1.059929855720280756e-01
5.644729383807745027e-02 5.303867093212170092e-01
1.836909909571176502e+00 1.236530461045235452e+00
1.764519899024785676e-02 6.487537592002778908e-01
1.834389967355806728e-01 1.220585432704132112e+00
1.052122981873284235e+00 5.420278132438551832e-01
1.024613305145851694e+00 1.506876762454993246e+00
1.042982028792343474e+00 8.654531590645561101e-01
1.664625322195187218e+00 4.240203431498655862e-01
-1.523792613893792947e-01 1.100005337419306173e+00
3.066566842887444855e-01 -6.892179331801473463e-02
1.122294566910323477e-01 3.611768525688946463e-01
-6.130627151907193095e-01 -5.709407149136200843e-01
1.573387077209680296e+00 4.187841255442137367e-03
1.505818728346417057e+00 -1.740787396339705806e-01
-5.522004068985852943e-02 -1.299251610954868186e+00
-9.504382455860560519e-02 1.214421146631459392e+00
1.083249050574442318e+00 -1.422547586281588394e-01
1.088402551510428973e+00 2.327308185938069318e+00
-6.538605254917673193e-02 -1.559253753501596673e+00
2.453583473971514106e+00 2.828180140809912757e-01
1.975218513978339807e+00 9.313432630097893128e-01
1.935131425296396479e+00 -1.082986371101762879e-01
1.152996336294960233e-01 8.211254724206140665e-02
1.299855695350244256e+00 1.432781073816620676e+00
1.579016565859482912e-01 2.022443773908039755e-01
2.909697013822373224e-01 1.478231560227548647e+00
1.761664349127650908e+00 -1.180648967387909032e+00
1.077775424019195016e+00 3.279059524896997813e-01
3.740921783845594373e-01 6.558104889100355717e-01
2.531857922091370061e-01 1.430662804839329727e+00
-9.408966087101486853e-01 1.042574745501708033e+00
9.328241991268277911e-01 5.982826611994969124e-01
1.544313558337921055e+00 3.419657206682426565e-01
1.243180164883871619e+00 1.122795565261944351e+00
1.950240544090444450e+00 -7.329119844950546803e-01
1.798418522424042543e+00 -1.112115882272655787e+00
1.374031260546487498e+00 -5.293128057553588839e-01
3.536739091068937801e-01 6.498164669153569939e-01
5.325998677472283394e-01 2.077031484369281866e+00
5.753902775119495994e-02 7.658995183426350328e-01
1.093547308394819950e+00 4.811499809708934539e-01
1.216361927611671057e+00 -4.127401074406117365e-01
-4.881308002850419658e-01 4.229522692416597396e-01
2.819286813093289101e-01 4.049568711599370041e-01
1.103700909875854563e+00 -5.824673731244871533e-01
-2.255890536538046609e-01 8.141557224249243996e-01
4.207581272811178330e-01 1.264224916035707302e+00
2.842173401978803637e-01 1.867792965263528115e+00
3.870025106774024892e-01 -7.919179688796817995e-02
-1.308959579613908630e+00 1.100737045827565153e+00
-1.575086523669092298e+00 -3.623209280147449141e-01
1.264054713558763865e+00 2.653902446732572251e-01
1.379711237439162019e+00 5.756619938560421090e-01
-2.676679925473424149e-02 1.561004838948869544e+00
-1.053069803251317937e+00 3.063264855623158978e-01
-6.891157146481017293e-01 2.014203679233399935e+00
1.699943882828231501e-01 3.073306018680380891e+00
1.783570273073407542e+00 1.823872056749578752e+00
1.302514276256201420e+00 1.072849231570549344e+00
3.260205134780204128e-01 6.274624728852240541e-01
-7.278149529520772099e-03 1.620168640236944846e+00
1.124945380395175221e+00 -5.886939982357590750e-01
1.043838853003698830e+00 -7.449935094872068841e-01
1.349886555141540212e+00 2.494740553068859890e-01
2.048847453062603297e-01 -4.689807814591449020e-01
2.069835908770095712e-01 2.230145421542157003e+00
1.794017351749856104e+00 9.400943975962965382e-01
5.729218516908374248e-01 -1.315167078593040051e+00
-2.382333630839672534e-02 2.381849673809898205e-01
-3.382680246755830344e-01 1.883721025966157980e-01
-6.355356360073933786e-01 -1.140559360007828982e+00
8.212733044126210302e-01 1.895985978886862933e+00
-2.082986848262069479e-02 5.197447533180332702e-01
1.361916966882079638e+00 6.648433731637326538e-01
5.150376016614988117e-01 4.635069922717683366e-01
-8.422249966673205357e-01 1.850126965630224385e+00
1.707189911423732998e+00 9.838122980977130894e-01
5.825903404265817542e-01 -3.926228765713912772e-02
1.359667645268054503e-01 1.449011895264579186e-02
1.580111438028331206e+00 6.385498351978359244e-01
-6.213026585819980685e-02 2.538691888727815371e+00
2.899840172443124420e+00 2.414768849978262022e+00
2.962041713357908890e+00 3.563648367197635558e+00
2.863972939643013582e+00 3.421703655082058315e+00
2.573849218255213067e+00 3.295992122480412068e+00
3.712048746670792987e+00 2.821220328301946800e+00
2.274220722787653415e+00 2.961281538394129331e+00
3.175081818828517921e+00 2.771300418695020973e+00
2.642989682283321429e+00 3.234859407017905308e+00
3.289762206507643949e+00 3.286859656945533281e+00
2.941127803295998877e+00 3.473804596426266045e+00
2.679334350828077582e+00 2.963740111392200838e+00
3.145922385027593471e+00 3.227598019262498674e+00
2.781752491224575685e+00 3.050265134962995006e+00
3.371575739967523244e+00 2.942564892999003590e+00
3.064519052680386491e+00 3.557673075428144038e+00
3.368575247831160357e+00 2.985296890990372543e+00
2.472566860626854712e+00 2.879180625126918525e+00
2.540048282204776964e+00 3.724791404547395324e+00
3.100284700053512310e+00 3.541747292114927781e+00
3.189416404070670286e+00 2.354886914909732454e+00
2.600058704858434488e+00 2.517440339782885061e+00
3.312739578557712061e+00 2.377462200722191277e+00
2.495258397080747148e+00 2.374200082425027336e+00
2.969929589997814645e+00 2.567417389705712871e+00
3.473184267871883169e+00 2.966655077839217114e+00
2.275305945755855319e+00 3.116661432811448140e+00
3.820566158151345704e+00 3.361972754401838515e+00
3.591127858767239278e+00 3.218257738823948166e+00
3.152874128508185159e+00 3.212937326452501630e+00
2.873086808095178135e+00 3.464410257676162619e+00
3.335353800911770250e+00 3.223187442189192176e+00
2.672809113460271391e+00 3.421777888306480886e+00
3.410954275899244159e+00 2.505850547836408815e+00
2.483129053280337395e+00 3.233894582620457481e+00
2.304690009275865759e+00 3.324222288090887822e+00
2.411683978265452666e+00 2.607728042372229993e+00
2.527584345681062050e+00 2.914122749318209138e+00
2.779891837730284365e+00 2.865587681911008655e+00
3.277527749685553715e+00 3.246239112056237275e+00
3.950918271780144320e+00 3.250109696931350989e+00
2.096906772308695821e+00 3.200035953635337105e+00
2.794259009189388188e+00 2.670444484176917932e+00
3.315568226127399321e+00 1.404891708733391198e+00
2.535028791802142578e+00 2.563968183722289851e+00
2.913194797368451106e+00 3.660802870581399304e+00
2.633984159970594430e+00 3.402189806623064250e+00
3.210912102587259120e+00 3.595365606911523404e+00
3.093629668426757906e+00 3.022826567784909990e+00
3.436547517862114987e+00 2.651531912915574551e+00
2.316224375415189662e+00 3.233129321486595931e+00
2.770986239235684767e+00 2.756471613214751315e+00
2.759187041324079104e+00 2.947094379331494540e+00
3.045533112668286524e+00 2.954724066823091189e+00
3.194673013282598895e+00 3.127999998432004602e+00
3.947520592484812241e+00 3.232387239595911232e+00
2.961892326840147582e+00 2.644717110572479157e+00
3.720905471128837849e+00 2.214997564764339621e+00
3.410451425384269264e+00 2.134450129334026780e+00
3.876926551744176219e+00 2.798930300670901428e+00
3.617889676966028034e+00 2.119238132667192076e+00
1.892006828279364061e+00 3.907458554806305440e+00
2.769811670050279506e+00 4.298328462053664367e+00
2.424370982464011615e+00 3.822515273552179238e+00
3.426410173423820815e+00 1.461501190861160815e+00
2.435924518471981326e+00 3.004571545015000122e+00
3.205925965046139137e+00 3.315309151202062043e+00
3.255586871217123424e+00 2.947336397080836612e+00
3.445197762490852522e+00 3.602116018356784188e+00
2.747255605555229963e+00 2.363811345524256868e+00
3.051321986166273259e+00 4.066999214993163747e+00
3.252906418097868624e+00 2.983838034527769967e+00
3.493939470365561739e+00 2.389922560629524018e+00
2.495083435945989248e+00 3.411406354749835224e+00
1.972722285822826160e+00 2.612974236072739487e+00
2.793861387413805630e+00 3.224007943882631899e+00
2.575237361776261391e+00 2.902876563719168246e+00
3.001690327559892069e+00 2.476357860440148162e+00
1.990330007462904893e+00 3.478048253806245160e+00
3.057867879933529043e+00 3.721354235670389698e+00
3.232794116235548909e+00 2.808672641159643657e+00
3.453719868838973195e+00 4.206118079980324609e+00
2.406732835672827253e+00 2.461604923146581747e+00
3.536099419731552729e+00 2.744563518867184637e+00
3.314614603741135923e+00 3.032819159571984002e+00
3.093673797144880222e+00 3.423490447448009455e+00
2.357979527363826655e+00 3.383909470046545298e+00
3.223223806416458448e+00 3.302396265260542751e+00
3.736295405774938683e+00 2.891212092091327790e+00
2.006448887691338445e+00 4.378199315072603071e+00
3.371074732976320654e+00 3.803382860551441702e+00
2.798081771751533164e+00 1.984139312789748200e+00
2.853343379799633706e+00 2.885125180386949317e+00
2.744670625405045694e+00 2.602231201509721092e+00
3.566442981012569291e+00 2.947485612623562901e+00
2.913157075154487519e+00 2.772390863589562215e+00
2.490234367337363253e+00 3.242546082618785519e+00
3.125616297295015222e+00 3.336045843793941756e+00
1.938129123504699125e+00 3.590011522663481447e+00
2.195972233453729494e+00 3.469032956970463211e+00
3.299875158329769409e+00 3.305748203176245070e+00
